0 0.2945 0.8227 0.1416 0.2214
0 0.4941 0.4368 0.1285 0.3881
0 0.5152 0.8116 0.1444 0.2133
0 0.4930 0.6246 0.1190 0.2651
0 0.6241 0.7958 0.1081 0.2507
0 0.8213 0.4790 0.1566 0.4160
0 0.0946 0.4825 0.1428 0.3884
0 0.5993 0.6009 0.1171 0.2360
0 0.8161 0.8114 0.1064 0.1912
0 0.7225 0.8114 0.1095 0.1989
0 0.3938 0.6001 0.0952 0.2616
0 0.8220 0.6331 0.1296 0.2629
0 0.4068 0.8254 0.1017 0.2322
0 0.2967 0.4468 0.1206 0.3800
0 0.2964 0.6326 0.1156 0.2582
0 0.1851 0.8269 0.1030 0.2167
0 0.9157 0.8035 0.1068 0.2189
0 0.3306 0.2079 0.1182 0.3344
0 0.3936 0.3746 0.1099 0.2442
0 0.7069 0.4406 0.1263 0.3610
0 0.0848 0.7093 0.1263 0.3472
0 0.0843 0.8412 0.1138 0.1989
0 0.7114 0.6348 0.1125 0.3033
0 0.1243 0.2495 0.1243 0.3384
0 0.4400 0.2504 0.1292 0.4037
0 0.7445 0.2088 0.1081 0.3121
0 0.6012 0.3994 0.1100 0.3002
0 0.2020 0.6690 0.1233 0.3249
0 0.2004 0.4395 0.1341 0.3615
0 0.5485 0.2141 0.1047 0.3795
0 0.6621 0.2530 0.1213 0.4370
0 0.2204 0.2127 0.1164 0.3329
0 0.9183 0.6775 0.1080 0.3883
0 0.9162 0.4763 0.1168 0.4507
0 0.8553 0.2082 0.1255 0.3457
